Case|comparison_pops_|label_|count|mean|std|min|25%|50%|75%|max
Different|CEU - FIN|all_multivar_out|7176,0|0,009849646729528646|0,0033473148599311316|-0,00158329888025593|0,00758502806541391|0,009790873091709498|0,01208469128182604|0,02260125347682791
Different|CEU - FIN|all_orig|8188,0|0,012275573079894245|0,0033544396262795186|0,0011514210010568967|0,009982924901051203|0,012219216759084288|0,014526608938656859|0,02481978905140949
Different|CEU - FIN|all_univar_out|8096,0|0,011490290031130982|0,003344264501233575|8,056196314963098e-05|0,009208685748033952|0,011436689399560811|0,013709906328920525|0,024204728460711276
Different|CEU - FIN|eur_multivar_out|6992,0|-0,006391988281151349|0,0034311347305040125|-0,018850591326885924|-0,008764980734984528|-0,00640009019925412|-0,004132856747949684|0,007319543237457717
Different|CEU - FIN|eur_orig|8188,0|-0,006118186048263562|0,0034113335357216904|-0,018371596100478515|-0,008495064050803174|-0,006146095387291163|-0,003880390799456541|0,007811272943704171
Different|CEU - FIN|eur_univar_out|8096,0|-0,006227174456658614|0,0034106849550181|-0,018457654904932015|-0,00856458439341029|-0,006267358982025304|-0,003979822313000619|0,0075612850588911654
Different|CEU - GBR|all_multivar_out|6552,0|0,014838733578671043|0,0033222825533007765|0,001967220128142432|0,0125689790618105|0,014784956824182459|0,01704711371093437|0,02685790196708571
Different|CEU - GBR|all_orig|7654,0|0,017073059752106424|0,0033210007999958883|0,0050111826370500875|0,014811889407054607|0,017008068988343138|0,01925388849633054|0,033610990064638066
Different|CEU - GBR|all_univar_out|7480,0|0,016382242007669662|0,0033343286868389|0,0037018336585543194|0,014083489565823965|0,016344591148891276|0,018584490202934074|0,032296867398217285
Different|CEU - GBR|eur_multivar_out|6384,0|-0,0012207414126929456|0,0034667611071217946|-0,012549311991905709|-0,003590371128106234|-0,001293526969139251|0,0010931660295375183|0,011413019389722867
Different|CEU - GBR|eur_orig|7654,0|-0,0011922595533454242|0,0034611009522912597|-0,012906158877801345|-0,003562624407555216|-0,0013027793584945422|0,0011166140491767212|0,0155778024970248
Different|CEU - GBR|eur_univar_out|7480,0|-0,0012046726700043547|0,0034744866104723183|-0,012708877232286824|-0,0036152588342213666|-0,0012847573346353898|0,0011353012186136834|0,015209966912392837
Different|CEU - TSI|all_multivar_out|6786,0|0,011159866554826701|0,0030609226238358937|0,0007407070842215925|0,009116427513269602|0,01111575789053702|0,013144663642630028|0,024192384481268432
Different|CEU - TSI|all_orig|8099,0|0,013242884907084897|0,00306878731710767|0,0033783243188432307|0,011182956916488362|0,013198309502537437|0,015281060349771145|0,026647093538746253
Different|CEU - TSI|all_univar_out|7832,0|0,012647518443910549|0,0030623418369748016|0,002566926385558132|0,010594853045629725|0,012605686628948|0,014673588862603757|0,026281364821303378
Different|CEU - TSI|eur_multivar_out|6612,0|-0,0030335415352211567|0,003209094211103506|-0,013422038598328396|-0,005217329653143229|-0,0030858457260316994|-0,0008924338913911086|0,01035897847706712
Different|CEU - TSI|eur_orig|8099,0|-0,003069043859759913|0,003204942170960963|-0,014278982798582564|-0,00523270571576645|-0,003098096299437784|-0,0009578210377079537|0,010559948223585233
Different|CEU - TSI|eur_univar_out|7832,0|-0,003026053204318368|0,0032147800481809445|-0,014382152504744299|-0,005193639776253169|-0,003094083993967308|-0,000867973774454118|0,010587521428594315
Different|CEU - YRI|all_multivar_out|5928,0|-0,06901848858630523|0,002510038061825414|-0,07735291029428876|-0,07074542945265055|-0,06914329030946917|-0,06734874930187046|-0,059874855475868585
Different|CEU - YRI|all_orig|7743,0|-0,07208503261316397|0,002494865583260736|-0,08097231417544862|-0,073772946864835|-0,07222197951785256|-0,07048748540050935|-0,0611409179848981
Different|CEU - YRI|all_univar_out|7392,0|-0,07106744253380354|0,0025338770856469833|-0,07958538066337288|-0,07278423881575635|-0,071148513013544|-0,0694179877829364|-0,06091488244880548
Different|FIN - GBR|all_multivar_out|7728,0|0,009999515931547956|0,003308221512261968|-0,0014299078422928655|0,007745729697078001|0,00992968386013123|0,01221191993162762|0,02304221278590804
Different|FIN - GBR|all_orig|7912,0|0,012552671738547192|0,0032751378714698538|0,000708486953752398|0,010318050323819926|0,01251509740997005|0,014756431677501248|0,025555306026833074
Different|FIN - GBR|all_univar_out|7820,0|0,011766134313629455|0,0032962895514475803|-0,00024010485821719126|0,00953109064281505|0,01170568391061879|0,01396957217186794|0,02452071504648468
Different|FIN - GBR|eur_multivar_out|7728,0|-0,006290351958727681|0,003447803807906719|-0,018155911174993513|-0,008619499281883181|-0,00633337693037507|-0,003970880289660457|0,006162004533707934
Different|FIN - GBR|eur_orig|7912,0|-0,005958969881154544|0,0034392818152339166|-0,01714014984777217|-0,00831816144205453|-0,006027342160500656|-0,003651714294823499|0,006599780545958178
Different|FIN - GBR|eur_univar_out|7820,0|-0,00604994440917608|0,003434834030792544|-0,017584460295932084|-0,008397946580369815|-0,006094445140018279|-0,003762407687693428|0,006419621835289089
Different|FIN - TSI|all_multivar_out|8004,0|0,0024579367707439088|0,003150463459437097|-0,008166790439772097|0,00033207044796337333|0,0023896574624006116|0,004584460411092452|0,014761722682097697
Different|FIN - TSI|all_orig|8372,0|0,0048933584547075325|0,0031253854030098174|-0,004942224455718442|0,002729848003812759|0,004827362833859315|0,006975907371643798|0,01749715413739613
Different|FIN - TSI|all_univar_out|8188,0|0,004225766091480131|0,0031303343993239873|-0,005620077933329985|0,0020461119939851036|0,004147726591620689|0,0063187383374562|0,017606746534562644
Different|FIN - TSI|eur_multivar_out|8004,0|-0,012217522088253803|0,003282523338264835|-0,02331040522031125|-0,014446740079490948|-0,012308912241587127|-0,010061900989464552|0,0005109166761086871
Different|FIN - TSI|eur_orig|8372,0|-0,0118862984111914|0,0032686863252292843|-0,022176655111806182|-0,014108641595896386|-0,012001678458663637|-0,009746084037890847|0,0014484892500870776
Different|FIN - TSI|eur_univar_out|8188,0|-0,011906926842912903|0,0032608179398655366|-0,022504479214892452|-0,014116215049592129|-0,01200175223711609|-0,009783214087679582|0,0011641878721650816
Different|FIN - YRI|all_multivar_out|6992,0|-0,06919958046378033|0,002128449434076764|-0,0766505699645219|-0,07056587950213777|-0,0692420541477998|-0,0679218909732619|-0,05714944021750188
Different|FIN - YRI|all_orig|8004,0|-0,0722219539384955|0,0020943870991938173|-0,07996967958066291|-0,0735671707120434|-0,072272436139307|-0,07097218804593719|-0,06095138075610668
Different|FIN - YRI|all_univar_out|7728,0|-0,07121519489001403|0,0021075470482347968|-0,07948060571443218|-0,07257126730127918|-0,07128209515986406|-0,06995550363945827|-0,05991758989365489
Different|GBR - TSI|all_multivar_out|7308,0|0,010701965529739598|0,0030675907828582316|-0,00106718608746396|0,008633579098038722|0,01062009038864116|0,012745385038099532|0,023422942583465355
Different|GBR - TSI|all_orig|7826,0|0,01285169545459116|0,00306369045740883|0,0012555106225863321|0,01079079635408487|0,012790568553928825|0,014869546781859944|0,026414639706107104
Different|GBR - TSI|all_univar_out|7565,0|0,012213130886077042|0,0030646430797703797|0,0007311007678016657|0,010138458647004267|0,012141746208045366|0,014246879568491126|0,025054390781818606
Different|GBR - TSI|eur_multivar_out|7308,0|-0,0037484024626427926|0,0031902652495299747|-0,01594169078030538|-0,005906513149255161|-0,003785296973725946|-0,00163873376058427|0,00950136119442137
Different|GBR - TSI|eur_orig|7826,0|-0,0037702967302314996|0,003188949641077975|-0,014569770257547831|-0,005886582172452123|-0,0038135607865427035|-0,001658903249084842|0,00915550653953851
Different|GBR - TSI|eur_univar_out|7565,0|-0,0037484310535911246|0,0031857146141498903|-0,01536931805783202|-0,00591382326443574|-0,0037991483557234013|-0,0016171900366865454|0,008473905816306996
Different|GBR - YRI|all_multivar_out|6384,0|-0,06968504730255747|0,0023903736567794306|-0,07711325489174432|-0,07127904969091124|-0,06977764043191137|-0,06818786884235681|-0,06057544244131511
Different|GBR - YRI|all_orig|7482,0|-0,07299242018025545|0,002255429067664448|-0,08079571234579354|-0,07450886705103497|-0,07306030253347472|-0,07156282915907264|-0,0646671422009801
Different|GBR - YRI|all_univar_out|7140,0|-0,07193219600409546|0,002279987101525221|-0,07923865988087064|-0,0734622969651244|-0,07199663909385828|-0,07049959665974458|-0,06326647784743797
Different|TSI - YRI|all_multivar_out|6612,0|-0,06110886548228033|0,0020847555604531073|-0,06826712645841441|-0,06253514383493526|-0,06116699628343571|-0,059727212260122516|-0,05262044579134154
Different|TSI - YRI|all_orig|7917,0|-0,06470883734924808|0,0020400995890713244|-0,07157001297224785|-0,0660827240346801|-0,06472271701651923|-0,0633271350738902|-0,05675390288462606
Different|TSI - YRI|all_univar_out|7476,0|-0,06360365648357792|0,0020501235433146693|-0,07011073425540136|-0,06499410867486644|-0,06364636826471765|-0,06220583664221609|-0,05544550870286276
Same|CEU|all_multivar_out|3003,0|0,015176326751546154|0,0033793293877489197|0,004663808745076934|0,012904849731984335|0,01505547722459782|0,017338999672473075|0,03953424239220156
Same|CEU|all_orig|3916,0|0,017278667134953976|0,00344210054920473|0,007217990341919801|0,015041377769607693|0,017184032995585033|0,019407163438763125|0,07329388048484861
Same|CEU|all_univar_out|3828,0|0,016608306855816587|0,0034585605481612597|0,006299976944378348|0,014315417797902682|0,01648050172955052|0,01877251894997311|0,07241427364074111
Same|CEU|eur_multivar_out|2850,0|-0,0006097359893243767|0,003550591729469205|-0,012937365785589634|-0,0029031258309014153|-0,0007988682638551206|0,0015194959691810389|0,026103340604295505
Same|CEU|eur_orig|3916,0|-0,0006303980231203871|0,0036349859632423217|-0,012083034141770949|-0,002997980951191377|-0,0008520648803988823|0,0015748287281982056|0,06232564035934043
Same|CEU|eur_univar_out|3828,0|-0,0006376059153342916|0,0036710852604751616|-0,013118109227662924|-0,0030025447915994923|-0,0008605982195419807|0,001587624492806045|0,06299994910278195
Same|FIN|all_multivar_out|4186,0|0,027272904387158535|0,005546556166960508|0,010173187238094166|0,02348572070602399|0,02706306824691239|0,03087137513154613|0,05057518805230052
Same|FIN|all_orig|4186,0|0,0298471458580419|0,005538431968143062|0,012137904783119508|0,02605944213026909|0,02963388919505011|0,03349141144250472|0,053273031693567605
Same|FIN|all_univar_out|4186,0|0,029047302851555844|0,005548358398586768|0,011360446749592848|0,025279091844393694|0,02882982976113374|0,03264533004667584|0,052733234810292615
Same|FIN|eur_multivar_out|4186,0|0,01182668426145724|0,005782921639836126|-0,0066421646165963685|0,007771905317000609|0,011581739082311252|0,015567401329203973|0,035256097445387505
Same|FIN|eur_orig|4186,0|0,012503424122805364|0,005832670026203113|-0,006419341006906628|0,008494878461294722|0,01222206407446189|0,016307736896047597|0,03585303312690423
Same|FIN|eur_univar_out|4186,0|0,012320706879730638|0,0058311548962926224|-0,006801451329268256|0,008256443120125917|0,012062033458146328|0,016035914770895762|0,03637558926464884
Same|GBR|all_multivar_out|3486,0|0,016071590059937184|0,005255645345123471|0,004356335915836487|0,013539840079398735|0,015730079224995676|0,018139502173946706|0,16088615003907725
Same|GBR|all_orig|3655,0|0,01832847208472866|0,0051516747230402355|0,006704203044803449|0,01582869265348206|0,018015915834804466|0,020385912904848126|0,16175250066852728
Same|GBR|all_univar_out|3570,0|0,017636273649526437|0,005185222062420228|0,006233678101694502|0,015095688541097784|0,01727243027200339|0,019681886326334136|0,16068193302588146
Same|GBR|eur_multivar_out|3486,0|-3,8021793750439305e-05|0,00558399042066298|-0,011330150644413561|-0,0027409211610402405|-0,00042448554837951763|0,0020544074959455046|0,15442099204120036
Same|GBR|eur_orig|3655,0|-3,8347310826134326e-05|0,005536419997510641|-0,011582161919105903|-0,002776712676569793|-0,00043017935632985857|0,002117105865879263|0,1562560072951275
Same|GBR|eur_univar_out|3570,0|-5,238361129245521e-05|0,005569572169967462|-0,011287899480744212|-0,0027718356980421057|-0,000474543858453332|0,0020589139050228283|0,15592097518756973
Same|TSI|all_multivar_out|3741,0|0,019695528087040386|0,00346232767196722|0,009386267420513754|0,017507664699205675|0,01962934760900319|0,021676538466857583|0,07018432584854291
Same|TSI|all_orig|4095,0|0,021610771292195633|0,0034033234098526494|0,011085729938162217|0,019409206468118743|0,02152254546312168|0,023575156087616296|0,07137304419827831
Same|TSI|all_univar_out|3916,0|0,021033899136255047|0,003392068988740283|0,010871590887232522|0,018848282212201816|0,020964534002242845|0,02297094302758482|0,07232979797549592
Same|TSI|eur_multivar_out|3741,0|0,007805873991638569|0,0036184438433526376|-0,004020463467875339|0,0054836218568023965|0,0077057115850287|0,009915986130360573|0,062142918412039214
Same|TSI|eur_orig|4095,0|0,0076954130410397375|0,003591923207908118|-0,0034073173279353217|0,005394393713418547|0,007533259847628109|0,009816110766941256|0,06298354779376991
Same|TSI|eur_univar_out|3916,0|0,007747919690755958|0,00357324738979799|-0,00369153949715993|0,005430808302785476|0,007669646213649099|0,009828681495733394|0,0615958239610497
Same|YRI|all_multivar_out|2850,0|0,28953191389319566|0,004096945017461562|0,26875001348997674|0,2868903714564502|0,28964575626155586|0,2922568092582953|0,3091031024375544
Same|YRI|all_orig|3741,0|0,27927104235814376|0,004006900048956273|0,2592504607117175|0,27683484032012634|0,27930049298938153|0,2818479522451228|0,3015141853455163
Same|YRI|all_univar_out|3486,0|0,2815994037262024|0,004107711073498643|0,26059993407994514|0,2789917827769018|0,2816492189567673|0,2843864364223394|0,30360291039650295
