Case|comparison_pops_|count|mean|std|min|25%|50%|75%|max
Different|CEU_FIN|8188,0|0,014040642728938976|0,003410074017928387|0,0024255900643765926|0,01172440336085856|0,013974365778267384|0,01634318521246314|0,027346618473529816
Different|CEU_GBR|7654,0|0,018942499672190943|0,003357421778150961|0,006354437675327063|0,016667282674461603|0,018887021578848362|0,02120846137404442|0,03544040396809578
Different|CEU_TSI|8099,0|0,014921273581202049|0,0031069562204675593|0,004969701170921326|0,012834889814257622|0,01486792042851448|0,016954544000327587|0,02849234826862812
Different|CEU_YRI|7743,0|-0,07962129047989891|0,002511399162485549|-0,08807138353586197|-0,0813170038163662|-0,07973337173461914|-0,07802010327577591|-0,06921081990003586
Different|FIN_GBR|7912,0|0,01428156407133048|0,0033246660789959023|0,00235837628133595|0,0120207155123353|0,014215166680514812|0,016514737624675035|0,027295881882309914
Different|FIN_TSI|8372,0|0,0064143797944648095|0,0031836077731849156|-0,0036512394435703754|0,0042305003153160214|0,006357218604534864|0,008538783062249422|0,018922820687294006
Different|FIN_YRI|8004,0|-0,07972281186402529|0,0021435668772714863|-0,08822740614414215|-0,08109579794108868|-0,07976603880524635|-0,07843422703444958|-0,0677042007446289
Different|GBR_TSI|7826,0|0,01454968533814327|0,0031038403777654006|0,001894160290248692|0,012465663952752948|0,014486792962998152|0,016618494410067797|0,02805897407233715
Different|GBR_YRI|7482,0|-0,08052262438491556|0,0022584128229703217|-0,08878307044506073|-0,08203470706939697|-0,08058387041091919|-0,07908333651721478|-0,07177629321813583
Different|TSI_YRI|7917,0|-0,071644963884581|0,002062737395182134|-0,07851478457450867|-0,07304085046052933|-0,0716661810874939|-0,07027645409107208|-0,06368482112884521
Same|CEU_CEU|3916,0|0,0191368070060998|0,003498950813312354|0,008483589626848698|0,016880580689758062|0,01902805268764496|0,02131901727989316|0,07600831240415573
Same|FIN_FIN|4186,0|0,03195082865200663|0,005643968665396767|0,014256240800023079|0,02809124020859599|0,03170994110405445|0,03565124608576298|0,05633857101202011
Same|GBR_GBR|3655,0|0,02019936168686106|0,0052178585759975185|0,008452880196273327|0,017631779424846172|0,019822079688310623|0,02225845865905285|0,16485266387462616
Same|TSI_TSI|4095,0|0,023299758666637325|0,0034488485312476236|0,01189457532018423|0,021090115420520306|0,02323460951447487|0,025345089845359325|0,07475985586643219
Same|YRI_YRI|3741,0|0,3091815452195208|0,004405625394672691|0,2881213426589966|0,30647018551826477|0,3092018961906433|0,31201794743537903|0,3329698443412781
